    -200.96      0.09
    -199.93     -0.03
    -198.90      0.08
    -197.87      0.07
    -196.84      0.11
    -195.81      0.05
    -194.78      0.15
    -193.75     -0.08
    -192.72     -0.12
    -191.69      0.14
    -190.66      0.15
    -189.63      0.02
    -188.60     -0.01
    -187.57      0.13
    -186.54     -0.06
    -185.50      0.17
    -184.47     -0.02
    -183.44      0.15
    -182.41      0.03
    -181.38     -0.02
    -180.35     -0.10
    -179.32      0.02
    -178.29     -0.08
    -177.26      0.10
    -176.23      0.03
    -175.20     -0.07
    -174.17      0.03
    -173.14      0.11
    -172.11     -0.04
    -171.08      0.21
    -170.05     -0.13
    -169.02      0.05
    -167.98     -0.10
    -166.95      0.15
    -165.92      0.05
    -164.89     -0.02
    -163.86     -0.04
    -162.83      0.00
    -161.80     -0.00
    -160.77     -0.05
    -159.74     -0.02
    -158.71     -0.01
    -157.68      0.08
    -156.65      0.06
    -155.62     -0.03
    -154.59      0.09
    -153.56      0.13
    -152.53      0.11
    -151.50      0.12
    -150.46      0.07
    -149.43      0.19
    -148.40      0.49
    -147.37      0.41
    -146.34      0.52
    -145.31      0.47
    -144.28      0.61
    -143.25      0.57
    -142.22      0.66
    -141.19      0.57
    -140.16      0.72
    -139.13      0.57
    -138.10      0.63
    -137.07      0.65
    -136.04      0.74
    -135.01      0.68
    -133.98      0.99
    -132.94      1.00
    -131.91      1.31
    -130.88      1.12
    -129.85      1.49
    -128.82      1.60
    -127.79      1.83
    -126.76      1.96
    -125.73      2.43
    -124.70      2.68
    -123.67      2.72
    -122.64      2.88
    -121.61      3.02
    -120.58      3.27
    -119.55      3.42
    -118.52      3.45
    -117.49      3.98
    -116.46      4.11
    -115.43      4.37
    -114.39      4.70
    -113.36      5.13
    -112.33      5.20
    -111.30      5.96
    -110.27      6.39
    -109.24      7.46
    -108.21      8.92
    -107.18     10.89
    -106.15     13.89
    -105.12     17.80
    -104.09     22.79
    -103.06     27.74
    -102.03     31.99
    -101.00     33.90
     -99.97     32.95
     -98.94     30.12
     -97.91     26.94
     -96.87     25.77
     -95.84     27.03
     -94.81     30.12
     -93.78     32.17
     -92.75     31.75
     -91.72     27.15
     -90.69     21.13
     -89.66     16.76
     -88.63     14.49
     -87.60     14.27
     -86.57     15.99
     -85.54     18.92
     -84.51     22.58
     -83.48     26.41
     -82.45     30.53
     -81.42     33.85
     -80.39     35.76
     -79.35     36.13
     -78.32     36.05
     -77.29     36.73
     -76.26     38.87
     -75.23     41.26
     -74.20     44.61
     -73.17     49.22
     -72.14     55.17
     -71.11     63.82
     -70.08     73.21
     -69.05     83.33
     -68.02     92.21
     -66.99     96.90
     -65.96     97.53
     -64.93     95.35
     -63.90     89.56
     -62.87     79.78
     -61.83     67.57
     -60.80     54.67
     -59.77     44.53
     -58.74     37.80
     -57.71     34.17
     -56.68     31.73
     -55.65     29.84
     -54.62     28.08
     -53.59     27.46
     -52.56     27.01
     -51.53     27.06
     -50.50     27.06
     -49.47     27.66
     -48.44     28.93
     -47.41     30.67
     -46.38     32.86
     -45.35     35.42
     -44.31     37.41
     -43.28     37.65
     -42.25     36.09
     -41.22     33.36
     -40.19     30.06
     -39.16     27.86
     -38.13     26.41
     -37.10     25.29
     -36.07     24.51
     -35.04     23.98
     -34.01     23.22
     -32.98     22.19
     -31.95     21.40
     -30.92     21.71
     -29.89     23.36
     -28.86     25.99
     -27.83     27.64
     -26.80     26.48
     -25.76     23.07
     -24.73     19.77
     -23.70     17.02
     -22.67     15.20
     -21.64     15.12
     -20.61     16.75
     -19.58     19.53
     -18.55     23.60
     -17.52     29.04
     -16.49     36.10
     -15.46     44.11
     -14.43     52.11
     -13.40     58.85
     -12.37     63.46
     -11.34     66.46
     -10.31     69.37
      -9.28     74.34
      -8.24     79.91
      -7.21     81.36
      -6.18     77.91
      -5.15     75.45
      -4.12     77.12
      -3.09     75.96
      -2.06     72.83
      -1.03     70.67
       0.00     69.78
       1.03     68.07
       2.06     68.02
       3.09     66.72
       4.12     63.33
       5.15     58.85
       6.18     51.28
       7.21     40.83
       8.24     30.81
       9.28     22.81
      10.31     17.04
      11.34     13.02
      12.37     10.00
      13.40      7.33
      14.43      5.32
      15.46      3.83
      16.49      2.83
      17.52      1.89
      18.55      1.25
      19.58      1.04
      20.61      0.78
      21.64      0.35
      22.67      0.40
      23.70      0.34
      24.73      0.39
      25.76      0.13
      26.80      0.09
      27.83      0.10
      28.86      0.03
      29.89      0.03
      30.92     -0.09
      31.95      0.06
      32.98     -0.19
      34.01      0.07
      35.04      0.06
      36.07     -0.05
      37.10      0.13
      38.13      0.03
      39.16      0.07
      40.19      0.04
      41.22      0.09
      42.25     -0.06
      43.28      0.04
      44.31     -0.03
      45.35      0.03
      46.38      0.04
      47.41      0.15
      48.44     -0.15
      49.47      0.15
      50.50      0.07
