    -724.4004871217371146    792.0423584
    -723.7137012117754011    783.5701294
    -723.0269153018139150    775.1738892
    -722.3401293918523152    766.8588257
    -721.6533434818907153    758.6243896
    -720.9665575719957360    750.4716187
    -720.2797716619676294    742.3945312
    -719.5929857520725363    734.3933716
    -718.9061998421109365    726.4699707
    -718.2194139321494504    718.6246338
    -717.5326280222544710    710.8518066
    -716.8458421122262507    703.1558228
    -716.1590562022647646    695.5338745
    -715.4722702923697852    687.9833374
    -714.7854843823415649    680.5085449
    -714.0986984724465856    673.1049805
    -713.4119125624849858    665.7714844
    -712.7251266525233859    658.5128174
    -712.0383407425618998    651.3215332
    -711.3515548326003000    644.2014771
    -710.6647689227052069    637.1522827
    -709.9779830127436071    630.1704712
    -709.2911971027821210    623.2587891
    -708.6044111928205211    616.4122314
    -707.9176252828589213    609.6315308
    -707.2308393729639420    602.9196167
    -706.5440534629358353    596.2711182
    -705.8572675529741218    589.6911011
    -705.1704816430791425    583.1749268
    -704.4836957331176563    576.7227173
    -703.7969098231560565    570.3289185
    -703.1101239131945704    564.0048218
    -702.4233380032329706    557.7416992
    -701.7365520933378775    551.5411987
    -701.0497661833097709    545.3990479
    -700.3629802734147916    539.3208618
    -699.6761943634531917    533.3013306
    -698.9894084534250851    527.3410645
    -698.3026225435301058    521.4450684
    -697.6158366335683922    515.6017456
    -696.9290507236067924    509.8168640
    -696.2422648136453063    504.0918884
    -695.5554789037503269    498.4262390
    -694.8686929937887271    492.8139038
    -694.1819070838272410    487.2593079
    -693.4951211738655275    481.7597351
    -692.8083352639039276    476.3165283
    -692.1215493539424415    470.9254456
    -691.4347634440474621    465.5940552
    -690.7479775340192418    460.3101501
    -690.0611916241242625    455.0842590
    -689.3744057141626627    449.9090271
    -688.6876198042010628    444.7866821
    -688.0008338942394630    439.7169495
    -687.3140479842779769    434.6945801
    -686.6272620743829975    429.7275391
    -685.9404761644213977    424.8103638
    -685.2536902544596842    419.9434814
    -684.5669043444981980    415.1253967
    -683.8801184345365982    410.3563538
    -683.1933325246416189    405.6366577
    -682.5065466146135122    400.9650269
    -681.8197607046519124    396.3379517
    -681.1329747946904263    391.7655945
    -680.4461888847288265    387.2335815
    -679.7594029748337334    382.7491150
    -679.0726170648721336    378.3143311
    -678.3858311549106475    373.9242554
    -677.6990452450156681    369.5798035
    -677.0122593349874478    365.2807617
    -676.3254734250923548    361.0213928
    -675.6386875151308686    356.8109436
    -674.9519016051026483    352.6422119
    -674.2651156952077827    348.5161133
    -673.5783297852461828    344.4337158
    -672.8915438752845830    340.3970642
    -672.2047579653230969    336.3964844
    -671.5179720553613834    332.4446716
    -670.8311861454664040    328.5266724
    -670.1444002355048042    324.6542053
    -669.4576143255433180    320.8209839
    -668.7708284155817182    317.0294800
    -668.0840425056201184    313.2761230
    -667.3972565957250254    309.5633545
    -666.7104706856969187    305.8893433
    -666.0236847757353189    302.2525330
    -665.3368988658404533    298.6566467
    -664.6501129558788534    295.1013489
    -663.9633270459172536    291.6083679
    -663.2765411359556538    288.0963745
    -662.5897552259940539    284.6467285
    -661.9029693160990746    281.2357788
    -661.2161834060709680    277.8595886
    -660.5293974961759886    274.5244141
    -659.8426115862143888    271.2234802
    -659.1558256761862822    267.9553833
    -658.4690397662911892    264.7234497
    -657.7822538563295893    261.5270691
    -657.0954679463679895    258.3620300
    -656.4086820364065034    255.2328796
    -655.7218961265115240    252.1411896
    -655.0351102165498105    249.0757294
    -654.3483243065883244    246.0469818
    -653.6615383966267245    243.0510559
    -652.9747524866651247    240.0866852
    -652.2879665767036386    237.1562347
    -651.6011806668086592    234.2551727
    -650.9143947567804389    231.3895111
    -650.2276088468853459    228.5522156
    -649.5408229369238597    225.7455139
    -648.8540370269622599    222.9711914
    -648.1672511170006601    220.2234192
    -647.4804652070391739    217.5067444
    -646.7936792970775741    214.8217773
    -646.1068933871824811    212.1662445
    -645.4201074772209950    209.5365601
    -644.7333215672593951    206.9416504
    -644.0465356572977953    204.3692932
    -643.3597497473363092    201.8296509
    -642.6729638373747093    199.3164520
    -641.9861779274129958    196.8309479
    -641.2993920174515097    194.3732758
    -640.6126061074899098    191.9389191
    -639.9258201975949305    189.5375366
    -639.2390342876333307    187.1611176
    -638.5522483776718445    184.8089142
    -637.8654624677101310    182.4878693
    -637.1786765577485312    180.1881256
    -636.4918906478535519    177.9145050
    -635.8051047378920657    175.6688538
    -635.1183188278638454    173.4462433
    -634.4315329179689797    171.2507172
    -633.7447470080072662    169.0751648
    -633.0579610980456664    166.9281158
    -632.3711751880841803    164.8035736
    -631.6843892781225804    162.7034912
    -630.9976033682276011    160.6294556
    -630.3108174582660013    158.5740051
    -629.6240315483044014    156.5459137
    -628.9372456383428016    154.5392456
    -628.2504597283812018    152.5557709
    -627.5636738184862224    150.5943298
    -626.8768879084581158    148.6577759
    -626.1901019985631365    146.7395325
    -625.5033160885350298    144.8454742
    -624.8165301785734300    142.9733582
    -624.1297442686783370    141.1220245
    -623.4429583587168509    139.2915344
    -622.7561724487552510    137.4838257
    -622.0693865388602717    135.6931610
    -621.3826006288321651    133.9283905
    -620.6958147189370720    132.1798096
    -620.0090288089754722    130.4524536
    -619.3222428990138724    128.7460938
    -618.6354569890523862    127.0566330
    -617.9486710790907864    125.3870544
    -617.2618851691291866    123.7416840
    -616.5750992591677004    122.1139450
    -615.8883133492726074    120.5024948
    -615.2015274393110076    118.9112473
    -614.5147415293495214    117.3390350
    -613.8279556193879216    115.7853699
    -613.1411697094263218    114.2497559
    -612.4543837995312288    112.7327347
    -611.7675978895697426    111.2310410
    -611.0808119795415223    109.7469711
    -610.3940260696465430    108.2845688
    -609.7072401596850568    106.8365479
    -609.0204542497234570    105.4059906
    -608.3336683397618572    103.9928436
    -607.6468824298002573    102.5976257
    -606.9600965198386575    101.2171402
    -606.2733106099436782     99.8521957
    -605.5865246999821920     98.5025177
    -604.8997387900205922     97.1730728
    -604.2129528800589924     95.8562546
    -603.5261669700973926     94.5596466
    -602.8393810601357927     93.2716675
    -602.1525951502408134     92.0053406
    -601.4658092402127068     90.7502441
    -600.7790233302511069     89.5157776
    -600.0922374203561276     88.2908936
    -599.4054515103944141     87.0822830
    -598.7186656004329279     85.8883438
    -598.0318796904713281     84.7078705
    -597.3450937805097283     83.5422821
    -596.6583078706148626     82.3933716
    -595.9715219606532628     81.2525787
    -595.2847360506250425     80.1316986
    -594.5979501407300631     79.0250397
    -593.9111642307684633     77.9272766
    -593.2243783208068635     76.8451157
    -592.5375924108453773     75.7754288
    -591.8508065008837775     74.7216187
    -591.1640205909886845     73.6783600
    -590.4772346810270847     72.6490097
    -589.7904487710655985     71.6308899
    -589.1036628611039987     70.6280212
    -588.4168769511423989     69.6353531
    -587.7300910411809127     68.6552277
    -587.0433051312193129     67.6879807
    -586.3565192213242199     66.7324753
    -585.6697333112961132     65.7873001
    -584.9829474013345134     64.8549042
    -584.2961614914395341     63.9356995
    -583.6093755814780479     63.0265350
    -582.9225896715164481     62.1279411
    -582.2358037616213551     61.2441902
    -581.5490178515932485     60.3686333
    -580.8622319416982691     59.5034752
    -580.1754460317366693     58.6520004
    -579.4886601217750695     57.8095970
    -578.8018742118135833     56.9780464
    -578.1150883018519835     56.1584396
    -577.4283023918902700     55.3479919
    -576.7415164819287838     54.5497932
    -576.0547305720338045     53.7583160
    -575.3679446620722047     52.9757080
    -574.6811587521107185     52.2103996
    -573.9943728421491187     51.4485664
    -573.3075869321874052     50.6969948
    -572.6208010222924258     49.9561005
    -571.9340151123309397     49.2252808
    -571.2472292023027194     48.5039673
    -570.5604432924077400     47.7939949
    -569.8736573824462539     47.0883255
    -569.1868714724845404     46.3932343
    -568.5000855625229406     45.7116699
    -567.8132996525614544     45.0363922
    -567.1265137425998546     44.3665886
    -566.4397278327048753     43.7081223
    -565.7529419227433891     43.0574303
    -565.0661560127816756     42.4198456
    -564.3793701028200758     41.7861252
    -563.6925841928585896     41.1613808
    -563.0057982828969898     40.5447998
    -562.3190123730020105     39.9331245
    -561.6322264629739038     39.3394051
    -560.9454405530123040     38.7430267
    -560.2586546431172110     38.1579971
    -559.5718687331556112     37.5860405
    -558.8850828231941250     37.0141258
    -558.1982969132325252     36.4516869
    -557.5115110032709254     35.8993378
    -556.8247250933759460     35.3488579
    -556.1379391834143462     34.8133354
    -555.4511532734527464     34.2825813
    -554.7643673634912602     33.7568588
    -554.0775814535296604     33.2404823
    -553.3907955435680606     32.7287560
    -552.7040096336065744     32.2258224
    -552.0172237237114814     31.7272224
    -551.3304378136832611     31.2408276
    -550.6436519037882817     30.7563324
    -549.9568659938267956     30.2755203
    -549.2700800838651958     29.8085995
    -548.5832941739701027     29.3435402
    -547.8965082639419961     28.8865757
    -547.2097223539803963     28.4322891
    -546.5229364440854170     27.9914570
    -545.8361505340573103     27.5510101
    -545.1493646241623310     27.1173363
    -544.4625787142007312     26.6913967
    -543.7757928042391313     26.2659912
    -543.0890068942775315     25.8558311
    -542.4022209843159317     25.4446487
    -541.7154350744209523     25.0437546
    -541.0286491644594662     24.6428547
    -540.3418632544978664     24.2496433
    -539.6550773445361529     23.8639107
    -538.9682914345746667     23.4824600
    -538.2815055246796874     23.1066780
    -537.5947196146514671     22.7350178
    -536.9079337046899809     22.3685951
    -536.2211477947950016     22.0093708
    -535.5343618848332881     21.6529598
    -534.8475759748718019     21.3037815
    -534.1607900649102021     20.9566803
    -533.4740041549486023     20.6166420
    -532.7872182450536229     20.2818050
    -532.1004323350921368     19.9502869
    -531.4136464250639165     19.6207047
    -530.7268605151688234     19.3019276
    -530.0400746051407168     18.9859810
    -529.3532886952457375     18.6718292
    -528.6665027852841376     18.3661003
    -527.9797168753226515     18.0622005
    -527.2929309653610517     17.7651215
    -526.6061450554659586     17.4694633
    -525.9193591455044725     17.1786594
    -525.2325732355428727     16.8939896
    -524.5457873255812729     16.6101913
    -523.8590014156197867     16.3306599
    -523.1722155056580732     16.0596066
    -522.4854295957632075     15.7906504
    -521.7986436857349872     15.5250473
    -521.1118577757735011     15.2628107
    -520.4250718658784081     15.0045519
    -519.7382859559168082     14.7531900
    -519.0515000459552084     14.5012798
    -518.3647141359937223     14.2533159
    -517.6779282260321224     14.0101786
    -516.9911423161371431     13.7733984
    -516.3043564061755433     13.5371752
    -515.6175704962139434     13.3024845
    -514.9307845862523436     13.0734529
    -514.2439986762907438     12.8497696
    -513.5572127663292576     12.6257429
    -512.8704268563676578     12.4089069
    -512.1836409464060580     12.1932402
    -511.4968550364445150     11.9819527
    -510.8100691265494788     11.7720957
    -510.1232832165879358     11.5691614
    -509.4364973066263360     11.3637772
    -508.7497113967312998     11.1657600
    -508.0629254867031932     10.9680605
    -507.3761395767415934     10.7768660
    -506.6893536668465572     10.5862598
    -506.0025677568185074     10.3980064
    -505.3157818469234712     10.2147875
    -504.6289959369619282     10.0339689
    -503.9422100270002716      9.8533287
    -503.2554241170387286      9.6796722
    -502.5686382070771856      9.5043354
    -501.8818522971821494      9.3355474
    -501.1950663872205496      9.1655464
    -500.5082804772590066      9.0019608
    -499.8214945672974068      8.8402920
    -499.1347086573358638      8.6799679
    -498.4479227474408276      8.5204620
    -497.7611368374127210      8.3668356
    -497.0743509274511212      8.2137403
    -496.3875650175561418      8.0654402
    -495.7007791075279783      7.9143381
    -495.0139931976329422      7.7702522
    -494.3272072876713992      7.6287756
    -493.6404213777098562      7.4869943
    -492.9536354678148200      7.3470235
    -492.2668495577866565      7.2136726
    -491.5800636478916203      7.0786567
    -490.8932777379300774      6.9457197
    -490.2064918279019139      6.8146038
    -489.5197059180069346      6.6890264
    -488.8329200080453347      6.5631652
    -488.1461340980837917      6.4398770
    -487.4593481881221919      6.3179765
    -486.7725622781605921      6.1993394
    -486.0857763682656127      6.0806322
    -485.3989904583040698      5.9632411
    -484.7122045483424699      5.8525124
    -484.0254186383808701      5.7397513
    -483.3386327284193271      5.6301665
    -482.6518468185242909      5.5239863
    -481.9650609084961275      5.4157829
    -481.2782749986012050      5.3118343
    -480.5914890886395483      5.2087493
    -479.9047031786780053      5.1058412
    -479.2179172687164623      5.0081830
    -478.5311313587548057      4.9086804
    -477.8443454487932627      4.8144622
    -477.1575595388982833      4.7201557
    -476.4707736289366835      4.6250920
    -475.7839877189751405      4.5379882
    -475.0972018090135407      4.4459109
    -474.4104158990519409      4.3584104
    -473.7236299890903979      4.2732663
    -473.0368440791287981      4.1884232
    -472.3500581691672551      4.1021399
    -471.6632722592056552      4.0187860
    -470.9764863493106759      3.9391153
    -470.2897004393490761      3.8596449
    -469.6029145293874763      3.7857893
    -468.9161286194259333      3.7081182
    -468.2293427094643903      3.6312287
    -467.5425567995693541      3.5608971
    -466.8557708896077543      3.4835401
    -466.1689849795796476      3.4153726
    -465.4821990696846115      3.3461769
    -464.7954131597230685      3.2737594
    -464.1086272497614686      3.2075934
    -463.4218413397998688      3.1425459
    -462.7350554298383258      3.0779717
    -462.0482695199433465      3.0132098
    -461.3614836099817467      2.9498026
    -460.6746977000201468      2.8872013
    -459.9879117900586039      2.8264587
    -459.3011258800970040      2.7675161
    -458.6143399702020247      2.7088945
    -457.9275540601738612      2.6501319
    -457.2407681502123182      2.5954230
    -456.5539822403172820      2.5418696
    -455.8671963302891186      2.4859540
    -455.1804104203940824      2.4306686
    -454.4936245104325394      2.3795099
    -453.8068386004709964      2.3298745
    -453.1200526905759602      2.2793403
    -452.4332667805477968      2.2286642
    -451.7464808706528174      2.1819975
    -451.0596949606912176      2.1342762
    -450.3729090506631110      2.0849416
    -449.6861231407680748      2.0407159
    -448.9993372308065318      1.9960967
    -448.3125513208449320      1.9484518
    -447.6257654108833322      1.9097036
    -446.9389795009217892      1.8668802
    -446.2521935910267530      1.8246590
    -445.5654076810652100      1.7828491
    -444.8786217711036670      1.7424475
    -444.1918358611420103      1.7054158
    -443.5050499511804674      1.6649041
    -442.8182640412854312      1.6275673
    -442.1314781312573245      1.5901214
    -441.4446922213623452      1.5545567
    -440.7579063114007454      1.5218153
    -440.0711204014391456      1.4849977
    -439.3843344914776026      1.4491215
    -438.6975485815160027      1.4123290
    -438.0107626715544598      1.3845676
    -437.3239767616594236      1.3522904
    -436.6371908516312601      1.3205781
    -435.9504049417362808      1.2921981
    -435.2636190317746809      1.2617458
    -434.5768331218131380      1.2317230
    -433.8900472118515950      1.2007865
    -433.2032613018899383      1.1710083
    -432.5164753919283953      1.1428714
    -431.8296894819668523      1.1170350
    -431.1429035720718161      1.0896124
    -430.4561176621102732      1.0616212
    -429.7693317521486733      1.0391957
    -429.0825458421870735      1.0130569
    -428.3957599322255305      0.9883291
    -427.7089740223304943      0.9667317
    -427.0221881123689514      0.9411645
    -426.3354022023407879      0.9176624
    -425.6486162924458085      0.8943216
    -424.9618303824842087      0.8736883
    -424.2750444725226089      0.8523584
    -423.5882585625610659      0.8298044
    -422.9014726525995229      0.8109385
    -422.2146867426378662      0.7857177
    -421.5279008327429437      0.7677330
    -420.8411149227812871      0.7488204
    -420.1543290128197441      0.7313076
    -419.4675431028582011      0.7123073
    -418.7807571929631649      0.6933331
    -418.0939712829350015      0.6742871
    -417.4071853730400221      0.6576669
    -416.7203994630118586      0.6416218
    -416.0336135530502588      0.6232683
    -415.3468276431552795      0.6091605
    -414.6600417331937365      0.5906963
    -413.9732558232321367      0.5760564
    -413.2864699132705368      0.5615714
    -412.5996840033089939      0.5483800
    -411.9128980934139577      0.5332990
    -411.2261121834524147      0.5198053
    -410.5393262734908717      0.5065352
    -409.8525403635292150      0.4910816
    -409.1657544535676720      0.4777711
    -408.4789685436061291      0.4656221
    -407.7921826336444724      0.4532854
    -407.1053967237495499      0.4401202
    -406.4186108137879501      0.4280090
    -405.7318249038263502      0.4167940
    -405.0450389938648073      0.4063632
    -404.3582530839032074      0.3943455
    -403.6714671740081712      0.3824686
    -402.9846812640466283      0.3712881
    -402.2978953540184648      0.3621712
    -401.6111094441234854      0.3492070
    -400.9243235341618856      0.3425628
    -400.2375376242003426      0.3295673
    -399.5507517142387997      0.3200387
    -398.8639658042771430      0.3102017
    -398.1771798943156000      0.3030858
    -397.4903939844205638      0.2941757
    -396.8036080743924003      0.2852798
    -396.1168221644974778      0.2752678
    -395.4300362545358780      0.2702706
    -394.7432503445742782      0.2604066
    -394.0564644346127352      0.2527867
    -393.3696785246511354      0.2476768
    -392.6828926146895355      0.2390541
    -391.9961067047279926      0.2333570
    -391.3093207948330132      0.2260576
    -390.6225348848714134      0.2176819
    -389.9357489749098136      0.2149658
    -389.2489630649482706      0.3789637
    -388.5621771549866708      0.2016144
    -387.8753912450916914      0.1913806
    -387.1886053351301484      0.1868820
    -386.5018194251019850      0.1788204
    -385.8150335152069488      0.1740695
    -385.1282476052454058      0.1689614
    -384.4414616952837491      0.1642842
    -383.7546757853222061      0.1581952
    -383.0678898753606632      0.1533759
    -382.3811039653990633      0.1490618
    -381.6943180555040840      0.1412628
    -381.0075321455424842      0.1382011
    -380.3207462355808843      0.1338591
    -379.6339603256193413      0.1282981
    -378.9471744156577415      0.1238061
    -378.2603885056961985      0.1183993
    -377.5736025958011624      0.1148718
    -376.8868166857729989      0.1120437
    -376.2000307758114559      0.1094887
    -375.5132448659164197      0.1043856
    -374.8264589559548767      0.1031163
    -374.1396730459933337      0.0968853
    -373.4528871360316771      0.0936451
    -372.7661012260701341      0.0883475
    -372.0793153161750979      0.0866570
    -371.3925294062135549      0.0828734
    -370.7057434962520119      0.0818850
    -370.0189575862904121      0.0789184
    -369.3321716763288123      0.0751959
    -368.6453857663672693      0.0720062
    -367.9585998564056695      0.0690289
    -367.2718139465106901      0.0640390
    -366.5850280365490903      0.0640686
    -365.8982421265875473      0.0589623
    -365.2114562166259475      0.0622877
    -364.5246703066643477      0.0571157
    -363.8378843967693115      0.0527230
    -363.1510984868077685      0.0514163
    -362.4643125767796050      0.0478946
    -361.7775266668846825      0.0485339
    -361.0907407568565191      0.0435876
    -360.4039548469614829      0.0436732
    -359.7171689369999399      0.0425207
    -359.0303830270383401      0.0378474
    -358.3435971170767402      0.0393554
    -357.6568112071817609      0.0366591
    -356.9700252972201611      0.0359745
    -356.2832393872586181      0.0349671
    -355.5964534772970183      0.0330744
    -354.9096675673354753      0.0307447
    -354.2228816573738754      0.0305808
    -353.5360957474788961      0.0263603
    -352.8493098374507326      0.0265020
    -352.1625239274891896      0.0250889
    -351.4757380175941535      0.0261964
    -350.7889521076326105      0.0224688
    -350.1021661976709538      0.0215294
    -349.4153802877094108      0.0204297
    -348.7285943777478678      0.0193326
    -348.0418084678528317      0.0220639
    -347.3550225578912887      0.0193491
    -346.6682366479296888      0.0231706
    -345.9814507379680890      0.0186870
    -345.2946648280065460      0.0168936
    -344.6078789180449462      0.0162786
    -343.9210930080834032      0.0148656
    -343.2343070981883670      0.0134732
    -342.5475211881602036      0.0115621
    -341.8607352782652242      0.0098246
    -341.1739493683036244      0.0108000
    -340.4871634583420814      0.0113795
    -339.8003775484470452      0.0093721
    -339.1135916384188818      0.0071825
    -338.4268057284573388      0.0084007
    -337.7400198185623026      0.0077078
    -337.0532339085342528      0.0069784
    -336.3664479986392166      0.0063029
    -335.6796620886776168      0.0070405
    -334.9928761787160170      0.0071809
    -334.3060902687544740      0.0036518
    -333.6193043587928742      0.0062739
    -332.9325184488978948      0.0051095
    -332.2457325389362950      0.0054013
    -331.5589466289747520      0.0025914
    -330.8721607190131522      0.0025628
    -330.1853748090515523      0.0022020
    -329.4985888990900094      0.0052416
    -328.8118029891284664      0.0038184
    -328.1250170791668097      0.0033291
    -327.4382311692718872      0.0031048
    -326.7514452592437237     -0.0009848
    -326.0646593493486876      0.0032382
    -325.3778734393871446      0.0011628
    -324.6910875294255447      0.0018879
    -324.0043016195305654      0.0023148
    -323.3175157095024019      0.0021538
    -322.6307297995408021     -0.0003930
    -321.9439438896458228      0.0022721
    -321.2571579796176593      0.0012394
    -320.5703720697226800      0.0010469
    -319.8835861597610801      0.0004272
    -319.1968002497994803      0.0027262
    -318.5100143398379373     -0.0016749
    -317.8232284298763375     -0.0009446
    -317.1364425199813581      0.0014252
    -316.4496566100198152      0.0043222
    -315.7628707000581585     -0.0010018
    -315.0760847900966155     -0.0010907
    -314.3892988801350725      0.0023883
    -313.7025129702400363      0.0019185
    -313.0157270602118729      0.0001222
    -312.3289411502503299     -0.0014761
    -311.6421552403552937     -0.0019324
    -310.9553693303937507      0.0035308
    -310.2685834204321509      0.0020069
    -309.5817975104705511     -0.0010651
    -308.8950116005090081     -0.0027013
    -308.2082256906140287      0.0003759
    -307.5214397806524289      0.0003478
    -306.8346538706908291     -0.0002628
    -306.1478679607292861      0.0007219
    -305.4610820507676863     -0.0025719
    -304.7742961408060864      0.0003826
    -304.0875102308445435      0.0005035
    -303.4007243208830005      0.0002937
    -302.7139384109213438      0.0028657
    -302.0271525010264213      0.0015845
    -301.3403665910647646      0.0002079
    -300.6535806811032217      0.0008914
    -299.9667947711416787     -0.0005666
    -299.2800088611800788     -0.0007574
    -298.5932229512184790      0.0015145
    -297.9064370413234997     -0.0001160
    -297.2196511312953930     -0.0009445
    -296.5328652214003569     -0.0038457
    -295.8460793114387570     -0.0005918
    -295.1592934014772140      0.0037768
    -294.4725074915156142      0.0011509
    -293.7857215815540144      0.0005100
    -293.0989356716590919     -0.0004746
    -292.4121497616974352      0.0004875
    -291.7253638517358922      0.0013454
    -291.0385779417743493      0.0013688
    -290.3517920318126926     -0.0012360
    -289.6650061219177701     -0.0007691
    -288.9782202118896066     -0.0016534
    -288.2914343019280068     -0.0018644
    -287.6046483920330274     -0.0003210
    -286.9178624820048640     -0.0009115
    -286.2310765721098278     -0.0015276
    -285.5442906621482848      0.0009986
    -284.8575047521866850     -0.0004880
    -284.1707188422917056      0.0004583
    -283.4839329322635422     -0.0002457
    -282.7971470223685628      0.0005546
    -282.1103611124069630     -0.0015318
    -281.4235752023788564      0.0027887
    -280.7367892924838202      0.0003268
    -280.0500033825222772      0.0006782
    -279.3632174725606205      0.0004883
    -278.6764315625990776      0.0016209
    -277.9896456526375346      0.0002988
    -277.3028597427424984      0.0023532
    -276.6160738327809554      0.0003908
    -275.9292879228193556     -0.0002025
    -275.2425020128577557      0.0008730
    -274.5557161028962128     -0.0008839
    -273.8689301930011766     -0.0003786
    -273.1821442829730699     -0.0013967
    -272.4953583730780338      0.0006090
    -271.8085724631164908      0.0014827
    -271.1217865530883273     -0.0001194
    -270.4350006431932911     -0.0004636
    -269.7482147332317481     -0.0010524
    -269.0614288232702052      0.0037635
    -268.3746429133751690      0.0024674
    -267.6878570034136260      0.0000788
    -267.0010710934519693     -0.0016368
    -266.3142851834904263      0.0013364
    -265.6274992735288834      0.0000861
    -264.9407133635672835     -0.0006042
    -264.2539274536056837     -0.0006321
    -263.5671415436441407      0.0010686
    -262.8803556336825977      0.0000862
    -262.1935697237209979      0.0013804
    -261.5067838138259617      0.0010261
    -260.8199979038644187     -0.0010685
    -260.1332119939028189     -0.0002331
    -259.4464260839412191     -0.0030499
    -258.7596401739796761     -0.0008488
    -258.0728542640846399     -0.0019644
    -257.3860683540565333     -0.0001749
    -256.6992824441614971      0.0003530
    -256.0124965341999541     -0.0018637
    -255.3257106242383543      0.0022989
    -254.6389247142768113     -0.0011948
    -253.9521388043152115     -0.0008341
    -253.2653528943536401     -0.0005598
    -252.5785669844586323      0.0010166
    -251.8917810744970609      0.0010978
    -251.2049951645354611      0.0000529
    -250.5182092545739181     -0.0011286
    -249.8314233446788819     -0.0007908
    -249.1446374346507753      0.0012574
    -248.4578515246891754     -0.0013668
    -247.7710656147275756      0.0020545
    -247.0842797047660326      0.0009749
    -246.3974937948710249      0.0005556
    -245.7107078849094535      0.0007705
    -245.0239219749478821     -0.0006550
    -244.3371360649862822     -0.0015463
    -243.6503501550247393     -0.0008792
    -242.9635642451297031      0.0006345
    -242.2767783351681317     -0.0017805
    -241.5899924251399966      0.0010418
    -240.9032065152449889     -0.0020913
    -240.2164206052834174     -0.0002819
    -239.5296346953218460      0.0013626
    -238.8428487853602462     -0.0032416
    -238.1560628753986748      0.0001072
    -237.4692769655036670     -0.0010448
    -236.7824910555420956     -0.0004078
    -236.0957051455805242      0.0014687
    -235.4089192356189528     -0.0008409
    -234.7221333256573814     -0.0006414
    -234.0353474157623737      0.0014136
    -233.3485615057342102     -0.0011727
    -232.6617755958392308     -0.0012995
    -231.9749896858776310     -0.0003876
    -231.2882037758494960      0.0016955
    -230.6014178659544882      0.0005594
    -229.9146319559928884      0.0000722
    -229.2278460460313454     -0.0013449
    -228.5410601361363376      0.0009897
    -227.8542742261081742     -0.0017561
    -227.1674883162131948     -0.0017885
    -226.4807024062515950      0.0018498
    -225.7939164962900520     -0.0002557
    -225.1071305863284522     -0.0008216
    -224.4203446763668524      0.0002052
    -223.7335587664053094     -0.0003237
    -223.0467728564437095      0.0010346
    -222.3599869465487018      0.0001207
    -221.6732010365871588      0.0039021
    -220.9864151266255590     -0.0004774
    -220.2996292166639876      0.0006958
    -219.6128433067024162      0.0002634
    -218.9260573968074084     -0.0021840
    -218.2392714868458370     -0.0010864
    -217.5524855768176735      0.0012337
    -216.8656996669226658     -0.0002496
    -216.1789137569610944     -0.0010394
    -215.4921278469995229      0.0002314
    -214.8053419370379515      0.0002281
    -214.1185560270763801      0.0002730
    -213.4317701171147803      0.0000690
    -212.7449842072198010      0.0001386
    -212.0581982972582011      0.0000909
    -211.3714123872966582     -0.0009461
    -210.6846264773350583     -0.0006210
    -209.9978405673734869      0.0008085
    -209.3110546574119155     -0.0011981
    -208.6242687475169078      0.0012597
    -207.9374828374887443      0.0001359
    -207.2506969275272013     -0.0001608
    -206.5639110176321651     -0.0004167
    -205.8771251076706221      0.0026464
    -205.1903391977090223     -0.0031402
    -204.5035532877474509     -0.0008198
    -203.8167673777858795     -0.0013661
    -203.1299814678908717     -0.0001029
    -202.4431955579292719     -0.0009836
    -201.7564096479677289     -0.0008563
    -201.0696237380061291      0.0009431
    -200.3828378280445861      0.0002247
    -199.6960519180829863      0.0005438
    -199.0092660081214149     -0.0015302
    -198.3224800982264071     -0.0010326
    -197.6356941881982721      0.0012385
    -196.9489082783032359     -0.0016692
    -196.2621223683416929      0.0003036
    -195.5753364583800931      0.0002473
    -194.8885505484185501     -0.0001378
    -194.2017646385235139     -0.0003527
    -193.5149787284953788     -0.0004771
    -192.8281928186003711      0.0004566
    -192.1414069085722360      0.0021802
    -191.4546209986106646      0.0011059
    -190.7678350887156569      0.0015044
    -190.0810491787540570     -0.0001984
    -189.3942632687925141      0.0003741
    -188.7074773588309142      0.0016748
    -188.0206914488693712      0.0012024
    -187.3339055389743351     -0.0018402
    -186.6471196290127637      0.0020632
    -185.9603337190511922      0.0000740
    -185.2735478090896208     -0.0007892
    -184.5867618991280210      0.0026601
    -183.8999759891664780      0.0011588
    -183.2131900792048782      0.0008802
    -182.5264041693098704     -0.0016949
    -181.8396182593482990      0.0006179
    -181.1528323493867276      0.0006730
    -180.4660464394251562      0.0009163
    -179.7792605294635848     -0.0004689
    -179.0924746195685486      0.0000819
    -178.4056887096070056      0.0014236
    -177.7189027995788422      0.0004532
    -177.0321168896838628      0.0011129
    -176.3453309797222630     -0.0000495
    -175.6585450697606916      0.0017329
    -174.9717591597991202     -0.0002963
    -174.2849732498375488      0.0001596
    -173.5981873398759774     -0.0003309
    -172.9114014299809696     -0.0006269
    -172.2246155200193698      0.0009440
    -171.5378296100578268     -0.0008600
    -170.8510437000962270      0.0036424
    -170.1642577901346556      0.0010640
    -169.4774718801730842      0.0002426
    -168.7906859702780764      0.0000570
    -168.1039000602499414     -0.0011198
    -167.4171141502883415      0.0001763
    -166.7303282403933338      0.0001010
    -166.0435423304317908     -0.0019604
    -165.3567564204701910      0.0005002
    -164.6699705105086196     -0.0007175
    -163.9831846005470481     -0.0014392
    -163.2963986906520404     -0.0020982
    -162.6096127806904690     -0.0007485
    -161.9228268707288976      0.0015416
    -161.2360409607672977     -0.0001216
    -160.5492550508057548     -0.0003120
    -159.8624691408441549     -0.0010335
    -159.1756832308826120     -0.0006196
    -158.4888973209875758     -0.0005231
    -157.8021114109594123     -0.0011818
    -157.1153255010644330     -0.0005004
    -156.4285395911028616      0.0008607
    -155.7417536811412617      0.0007652
    -155.0549677712462824      0.0016027
    -154.3681818612181189      0.0024426
    -153.6813959512565475      0.0007429
    -152.9946100413615397      0.0018737
    -152.3078241313333763      0.0003465
    -151.6210382214383969     -0.0003939
    -150.9342523114768255     -0.0012040
    -150.2474664015152257     -0.0010314
    -149.5606804915536543      0.0012905
    -148.8738945815920829      0.0035766
    -148.1871086716971035     -0.0001931
    -147.5003227617355037     -0.0022890
    -146.8135368517739323      0.0003361
    -146.1267509418123609     -0.0009484
    -145.4399650318507611      0.0004148
    -144.7531791219557533      0.0012806
    -144.0663932119276183      0.0003060
    -143.3796073019660469     -0.0018931
    -142.6928213920710675     -0.0008271
    -142.0060354821094677     -0.0003289
    -141.3192495721478963     -0.0017878
    -140.6324636621863249      0.0004512
    -139.9456777522247251     -0.0008050
    -139.2588918423297173     -0.0010146
    -138.5721059323681743     -0.0011963
    -137.8853200224065745     -0.0003892
    -137.1985341124450315     -0.0002683
    -136.5117482024834317     -0.0024873
    -135.8249622925218318      0.0004729
    -135.1381763825602889     -0.0006660
    -134.4513904725986890     -0.0014834
    -133.7646045626371460     -0.0031678
    -133.0778186527421383     -0.0016243
    -132.3910327427805385     -0.0011324
    -131.7042468328189671      0.0026499
    -131.0174609228573956     -0.0008209
    -130.3306750128958242     -0.0000051
    -129.6438891029342528     -0.0015776
    -128.9571031930392451     -0.0010265
    -128.2703172830111100      0.0010565
    -127.5835313730495244     -0.0018496
    -126.8967454631545166     -0.0013198
    -126.2099595531929310     -0.0002518
    -125.5231736432313596      0.0001261
    -124.8363877332697882      0.0021982
    -124.1496018233082168      0.0015859
    -123.4628159134131948     -0.0001360
    -122.7760300034516234     -0.0003148
    -122.0892440934900520      0.0057303
    -121.4024581835284806     -0.0017320
    -120.7156722735669092      0.0018975
    -120.0288863636053236      0.0027052
    -119.3421004536437522      0.0009780
    -118.6553145437487444      0.0004413
    -117.9685286337205952      0.0020055
    -117.2817427238255874      0.0033201
    -116.5949568138640160     -0.0012344
    -115.9081709039024446      0.0006256
    -115.2213849940074226      0.0022126
    -114.5345990839792876      0.0008937
    -113.8478131740177020      0.0013348
    -113.1610272641227084      0.0006270
    -112.4742413540945591      0.0012681
    -111.7874554441995514      0.0014094
    -111.1006695342379800      0.0056023
    -110.4138836242764086      0.0011867
    -109.7270977143148230      0.0010514
    -109.0403118043532515      0.0016744
    -108.3535258944582438      0.0014274
    -107.6667399844966724      0.0015836
    -106.9799540745351010      0.0039599
    -106.2931681645735296      0.0035536
    -105.6063822546119439      0.0056710
    -104.9195963447169362      0.0030594
    -104.2328104346887869      0.0043327
    -103.5460245247272155      0.0042617
    -102.8592386148322078      0.0056865
    -102.1724527048040585      0.0040673
    -101.4856667949090649      0.0070114
    -100.7988808849474793      0.0031483
    -100.1120949749858937      0.0013834
     -99.4253090650909002      0.0038032
     -98.7385231551293288      0.0056318
     -98.0517372451677574      0.0033992
     -97.3649513352061717      0.0045078
     -96.6781654251780225      0.0066113
     -95.9913795152830147      0.0036462
     -95.3045936053214433      0.0068411
     -94.6178076953598577      0.0074907
     -93.9310217853982863      0.0063472
     -93.2442358754367149      0.0066132
     -92.5574499655417213      0.0049278
     -91.8706640555801215      0.0067768
     -91.1838781456185501      0.0044170
     -90.4970922356569787      0.0028688
     -89.8103063256954073      0.0049883
     -89.1235204158003995      0.0050028
     -88.4367345057722503      0.0039565
     -87.7499485958772425      0.0046961
     -87.0631626859156711      0.0051059
     -86.3763767759540997      0.0085609
     -85.6895908659925141      0.0038676
     -85.0028049560309427      0.0052611
     -84.3160190460693713      0.0069047
     -83.6292331361743777      0.0037202
     -82.9424472262127779      0.0078143
     -82.2556613162512065      0.0050742
     -81.5688754062896351      0.0049361
     -80.8820894963946273      0.0044169
     -80.1953035863664780      0.0045009
     -79.5085176764049066      0.0062519
     -78.8217317664433352      0.0083429
     -78.1349458564817638      0.0035540
     -77.4481599465867419      0.0061376
     -76.7613740366251704      0.0072187
     -76.0745881266635990      0.0061463
     -75.3878022167020276      0.0045467
     -74.7010163067404562      0.0049186
     -74.0142303968454343      0.0040534
     -73.3274444868838629      0.0025353
     -72.6406585768557278      0.0029019
     -71.9538726669607200      0.0040565
     -71.2670867569991344      0.0055641
     -70.5803008470375630      0.0061718
     -69.8935149370759916      0.0034671
     -69.2067290271144202      0.0068544
     -68.5199431172193982      0.0072600
     -67.8331572072578268      0.0096328
     -67.1463712972962554      0.0096687
     -66.4595853873346840      0.0092118
     -65.7727994773730984      0.0100648
     -65.0860135674780906      0.0080107
     -64.3992276574499556      0.0111027
     -63.7124417474883842      0.0066892
     -63.0256558375933693      0.0074669
     -62.3388699275652272      0.0047776
     -61.6520840176702194      0.0075725
     -60.9652981077086409      0.0060010
     -60.2785121977470695      0.0048868
     -59.5917262878520617      0.0054791
     -58.9049403778239196      0.0043344
     -58.2181544679289047      0.0077631
     -57.5313685579673333      0.0059299
     -56.8445826479391911      0.0074779
     -56.1577967380441834      0.0057838
     -55.4710108280826120      0.0067823
     -54.7842249181210335      0.0079416
     -54.0974390081594549      0.0067196
     -53.4106530981978764      0.0063552
     -52.7238671883028758      0.0058869
     -52.0370812783412973      0.0073048
     -51.3502953683797259      0.0057021
     -50.6635094584181473      0.0061831
     -49.9767235484565759      0.0076146
     -49.2899376385615611      0.0042366
     -48.6031517285334189      0.0050048
     -47.9163658186384112      0.0042801
     -47.2295799086768398      0.0031429
     -46.5427939986486976      0.0073722
     -45.8560080887536898      0.0050206
     -45.1692221787921113      0.0074093
     -44.4824362688305328      0.0033491
     -43.7956503589355250      0.0026797
     -43.1088644489739536      0.0061082
     -42.4220785390123751      0.0044183
     -41.7352926290508037      0.0045432
     -41.0485067190892323      0.0041218
     -40.3617208091276467      0.0046909
     -39.6749348991660753      0.0037561
     -38.9881489892044968      0.0047737
     -38.3013630792429254      0.0049043
     -37.6145771693479176      0.0040212
     -36.9277912593863462      0.0046192
     -36.2410053494247606      0.0024803
     -35.5542194394631892      0.0062367
     -34.8674335295016107      0.0055351
     -34.1806476196066100      0.0033321
     -33.4938617096450315      0.0053909
     -32.8070757996168894      0.0046283
     -32.1202898897218816      0.0017300
     -31.4335039797603066      0.0050345
     -30.7467180697987281      0.0043657
     -30.0599321598371532      0.0089245
     -29.3731462498755782      0.0037400
     -28.6863603399140032      0.0045992
     -27.9995744300189955      0.0066605
     -27.3127885200574205      0.0047149
     -26.6260026100958456      0.0025468
     -25.9392167001342671      0.0044735
     -25.2524307902392628      0.0032675
     -24.5656448802111207      0.0043845
     -23.8788589703161094      0.0037203
     -23.1920730603545344      0.0044507
     -22.5052871503263923      0.0040673
     -21.8185012404313809      0.0033401
     -21.1317153304698060      0.0043344
     -20.4449294205082346      0.0055386
     -19.7581435105466596      0.0065482
     -19.0713576005850811      0.0041783
     -18.3845716906900734      0.0032455
     -17.6977857807284984      0.0028661
     -17.0109998707669234      0.0064707
     -16.3242139608053485      0.0078232
     -15.6374280508437717      0.0082355
     -14.9506421408821968      0.0104092
     -14.2638562309206200      0.0128091
     -13.5770703210256123      0.0167349
     -12.8902844110640373      0.0196450
     -12.2034985011024624      0.0263596
     -11.5167125911408874      0.0278111
     -10.8299266811793107      0.0190968
     -10.1431407712843029      0.0178945
      -9.4563548613227280      0.0142747
      -8.7695689512945840      0.0192546
      -8.0827830413995763      0.0169816
      -7.3959971314380022      0.0178748
      -6.7092112214764255      0.0199782
      -6.0224253115148505      0.0191797
      -5.3356394015532747      0.0189559
      -4.6488534915916997      0.0168103
      -3.9620675816966919      0.0141452
      -3.2752816717351161      0.0129885
      -2.5884957617735407      0.0119742
      -1.9017098518119653      0.0112497
      -1.2149239418503899      0.0089476
      -0.5281380318888145      0.0121954
       0.1586478780061936      0.0060227
       0.8454337880010526      0.0121140
       1.5322196979626281      0.0161562
       2.2190056078909195      0.0210032
       2.9057915178857789      0.0228463
       3.5925774278473543      0.0220013
       4.2793633377423621      0.0222279
       4.9661492477372216      0.0166527
       5.6529351576655138      0.0109742
       6.3397210676270888      0.0069884
       7.0265069776219482      0.0064399
       7.7132928875169560      0.0065553
       8.4000787974785300      0.0040540
       9.0868647074401068      0.0022166
       9.7736506173683999      0.0060066
      10.4604365273299731      0.0005804
      11.1472224372915498      0.0033931
      11.8340083472531248      0.0041696
      12.5207942571481325      0.0036200
      13.2075801671429929      0.0024835
      13.8943660771045678      0.0037766
      14.5811519870328592      0.0014592
      15.2679378970277178      0.0011927
      15.9547238069227255      0.0020104
      16.6415097169175858      0.0002028
      17.3282956268791608     -0.0006326
      18.0150815368074539      0.0011580
      18.7018674468023143      0.0017826
      19.3886533566973185     -0.0007906
      20.0754392666588934      0.0026949
      20.7622251766537573      0.0016105
      21.4490110865820469     -0.0000252
      22.1357969965103365     -0.0007971
      22.8225829064719150      0.0004451
      23.5093688164334900     -0.0007512
      24.1961547263950649      0.0000052
      24.8829406363566399     -0.0008687
      25.5697265462849330      0.0018975
      26.2565124562132226     -0.0007888
      26.9432983662080794     -0.0001726
      27.6300842761696579     -0.0009319
      28.3168701860646657      0.0016333
      29.0036560960595224      0.0015046
      29.6904420059878191      0.0002817
      30.3772279159493905      0.0022616
      31.0640138259442509     -0.0004020
      31.7507997358392586     -0.0018634
      32.4375856458008371     -0.0010071
      33.1243715557624085     -0.0016340
      33.8111574657239800     -0.0009278
      34.4979433757188474     -0.0006591
      35.1847292856138552      0.0000530
      35.8715151955754266      0.0015954
      36.5583011055369980     -0.0007418
      37.2450870154985836      0.0032697
      37.9318729254268661     -0.0034231
      38.6186588353884446      0.0008354
      39.3054447453500231     -0.0006882
      39.9922306552450308      0.0000871
      40.6790165652731730      0.0000199
      41.3658024752014626     -0.0002864
      42.0525883851297522      0.0003743
      42.7393742951246196      0.0006369
      43.4261602050196203     -0.0017603
      44.1129461149811988      0.0005290
      44.7997320249760591     -0.0018022
      45.4865179349043487     -0.0016579
      46.1733038448659272      0.0001909
      46.8600897547942168      0.0036020
      47.5468756647557882      0.0007357
      48.2336615747173738     -0.0003327
      48.9204474846789452      0.0009847
      49.6072333946405166     -0.0003831
      50.2940193045355244      0.0008403
      50.9808052145303847     -0.0015334
      51.6675911244919632     -0.0009950
      52.3543770343869710     -0.0002946
      53.0411629444151131     -0.0001359
      53.7279488543101209      0.0014214
      54.4147347643049812      0.0001052
      55.1015206742665526     -0.0008761
      55.7883065841615604      0.0008022
      56.4750924941564207      0.0002591
      57.1618784040847174      0.0006016
      57.8486643140462888     -0.0014744
      58.5354502240411492     -0.0001891
      59.2222361339361569      0.0002346
      59.9090220438977354     -0.0023134
      60.5958079538593068      0.0005982
      61.2825938638208854     -0.0003673
      61.9693797737824568     -0.0001926
      62.6561656837107535     -0.0006945
      63.3429515936723249      0.0001390
      64.0297375036006144     -0.0014048
      64.7165234135954677     -0.0001665
      65.4033093235237715     -0.0000097
      66.0900952334520611     -0.0000671
      66.7768811434469285      0.0004919
      67.4636670533752039      0.0006409
      68.1504529633034934     -0.0005692
      68.8372388732983609      0.0018479
      69.5240247832266505      0.0008347
      70.2108106931882219      0.0008975
      70.8975966031830893     -0.0014460
      71.5843825130780829     -0.0008925
      72.2711684230729645      0.0000024
      72.9579543330012541      0.0002181
      73.6447402429628255     -0.0004008
      74.3315261529576787     -0.0010195
      75.0183120628527007     -0.0003061
      75.7050979728142721      0.0004812
      76.3918838827758435     -0.0003792
      77.0786697927374149     -0.0004779
      77.7654557026657187      0.0036812
      78.4522416126272901     -0.0033225
      79.1390275225888615      0.0004734
      79.8258134325171511     -0.0001515
      80.5125993425120043     -0.0001036
      81.1993852524403081     -0.0022210
      81.8861711623685977     -0.0019531
      82.5729570723634509      0.0010047
      83.2597429822584587      0.0008276
      83.9465288922200443     -0.0004745
      84.6333148022148976     -0.0004705
      85.3201007121431871      0.0035867
      86.0068866221047585     -0.0008941
      86.6936725320330623     -0.0001172
      87.3804584419946337     -0.0009581
      88.0672443519562052     -0.0005519
      88.7540302619177766      0.0017077
      89.4408161718793622      0.0012740
      90.1276020817743557      0.0011594
      90.8143879917692232      0.0009778
      91.5011739017307946     -0.0009599
      92.1879598116923802     -0.0014448
      92.8747457216539516      0.0000976
      93.5615316315489594     -0.0006129
      94.2483175415438126      0.0015377
      94.9351034515053840     -0.0006056
      95.6218893614004060     -0.0001598
      96.3086752714285410      0.0002160
      96.9954611813235488     -0.0013748
      97.6822470912851344      0.0018878
      98.3690330012799876     -0.0008162
      99.0558189111749954     -0.0005055
      99.7426048211365668      0.0010554
     100.4293907310981382      0.0015222
     101.1161766410597238     -0.0012912
     101.8029625510212952      0.0026257
     102.4897484609495848     -0.0018702
     103.1765343709111562      0.0003857
     103.8633202808394600     -0.0006205
     104.5501061908343132     -0.0013437
     105.2368921007958846     -0.0005119
     105.9236780106908924      0.0007846
     106.6104639206857598     -0.0003514
     107.2972498306140494     -0.0032336
     107.9840357405423390      0.0000715
     108.6708216505371922     -0.0005239
     109.3576075604654960     -0.0018245
     110.0443934704603492     -0.0002549
     110.7311793803886388      0.0014281
     111.4179652903169284      0.0016433
     112.1047512003117816      0.0005834
     112.7915371102400854      0.0000846
     113.4783230202016568     -0.0027989
     114.1651089301632283      0.0005872
     114.8518948400915320      0.0005567
     115.5386807500531035      0.0022410
     116.2254666600146749      0.0025398
     116.9122525699762463      0.0005709
     117.5990384798712682     -0.0021286
     118.2858243898661215      0.0001485
     118.9726102998276929     -0.0000935
     119.6593962097559825     -0.0006366
     120.3461821197508357      0.0029931
     121.0329680296458577      0.0005507
     121.7197539396074291      0.0004314
     122.4065398496022823     -0.0014284
     123.0933257595305719     -0.0012445
     123.7801116694588757     -0.0004718
     124.4668975794204471     -0.0017496
     125.1536834893820185     -0.0010878
     125.8404693993435899     -0.0007477
     126.5272553092718937      0.0011914
     127.2140412192334651      0.0000266
     127.9008271291617547      0.0000650
     128.5876130391566221      0.0005435
     129.2743989491181935     -0.0003530
     129.9611848590464831      0.0010225
     130.6479707690080545      0.0008424
     131.3347566789363725     -0.0002144
     132.0215425889312257     -0.0002719
     132.7083284988927687      0.0000044
     133.3951144087878049     -0.0007880
     134.0819003187826581      0.0018568
     134.7686862287109477     -0.0010570
     135.4554721386725191     -0.0010780
     136.1422580486673723      0.0014386
     136.8290439585624085      0.0001397
     137.5158298685239515     -0.0000557
     138.2026157785188047     -0.0015575
     138.8894016884138409      0.0006028
     139.5761875983754123      0.0007198
     140.2629735083369837      0.0003829
     140.9497594182985551      0.0012076
     141.6365453282601266     -0.0000579
     142.3233312381884446      0.0015084
     143.0101171481499875     -0.0011222
     143.6969030580782771      0.0001924
     144.3836889680731304      0.0033099
     145.0704748780347302     -0.0013257
     145.7572607879297379     -0.0004870
     146.4440466979245912     -0.0000884
     147.1308326078528808     -0.0010321
     147.8176185178477340      0.0004843
     148.5044044278093338     -0.0001819
     149.1911903377043132      0.0006726
     149.8779762476991664      0.0004616
     150.5647621576274560     -0.0010554
     151.2515480675557740     -0.0006198
     151.9383339775839090     -0.0001843
     152.6251198874789168      0.0002511
     153.3119057974404882      0.0006864
     153.9986917074020596      0.0011217
     154.6854776173303492      0.0020705
     155.3722635272919490      0.0014172
     156.0590494372534920      0.0007640
     156.7458353472150918      0.0001109
     157.4326212571100996     -0.0005421
     158.1194071671049528     -0.0011950
     158.8061930770665242      0.0000078
     159.4929789869948422     -0.0007477
     160.1797648969896954      0.0010587
     160.8665508068846748      0.0009003
     161.5533367168462746     -0.0002915
     162.2401226268411278     -0.0012787
     162.9269085367694174     -0.0028955
     163.6136944466977070     -0.0028158
     164.3004803566592784      0.0033498
     164.9872662666208498      0.0003830
     165.6740521765824212     -0.0003690
     166.3608380865440211      0.0013860
     167.0476239964723106     -0.0007783
     167.7344099064338536     -0.0027598
     168.4211958163954534      0.0001764
     169.1079817263570249     -0.0008986
     169.7947676363185963      0.0001691
     170.4815535462468858      0.0005745
     171.1683394561752038      0.0007537
     171.8551253661700571      0.0012823
     172.5419112761316001      0.0007111
     173.2286971860266362     -0.0016924
     173.9154830960214895      0.0000764
     174.6022690059497791      0.0022592
     175.2890549159113505     -0.0002726
     175.9758408259062321      0.0006967
     176.6626267358012399     -0.0013713
     177.3494126457627829      0.0006951
     178.0361985557243827     -0.0022593
     178.7229844656859257     -0.0015879
     179.4097703756142153      0.0000066
     180.0965562855758151      0.0006045
     180.7833421955373865     -0.0013825
     181.4701281054323942     -0.0008385
     182.1569140154272475     -0.0003133
     182.8436999253888189     -0.0018547
     183.5304858353171085      0.0013599
     184.2172717453119901      0.0000211
     184.9040576552069979     -0.0015209
     185.5908435652018511      0.0017172
     186.2776294751634509     -0.0020053
     186.9644153850917121     -0.0000725
     187.6512012950865937      0.0019145
     188.3379872049816015      0.0011030
     189.0247731149431445     -0.0000426
     189.7115590249380261     -0.0000066
     190.3983449348662873     -0.0008037
     191.0851308447946053      0.0004276
     191.7719167547561767      0.0002641
     192.4587026647177481      0.0011742
     193.1454885746793195     -0.0003018
     193.8322744846409194      0.0001796
     194.5190603945691805      0.0008353
     195.2058463044974701     -0.0032453
     195.8926322144923517      0.0017376
     196.5794181244539232      0.0025903
     197.2662040343489309      0.0003244
     197.9529899443438126     -0.0009925
     198.6397758542720737      0.0003127
     199.3265617642336451      0.0003233
     200.0133476742285268     -0.0012410
     200.7001335841235061      0.0017580
     201.3869194940851060      0.0029906
     202.0737054040466774      0.0006419
     202.7604913140082488      0.0013406
     203.4472772239365383     -0.0015550
     204.1340631338981382      0.0027363
     204.8208490438596812      0.0033066
     205.5076349538545344      0.0044796
     206.1944208637828524      0.0009985
     206.8812067737111420      0.0024672
     207.5679926836727134      0.0030636
     208.2547785936342848      0.0014158
     208.9415645035958846      0.0012129
     209.6283504135574276      0.0042365
     210.3151363234857172      0.0019725
     211.0019222334140352      0.0034143
     211.6887081434088884      0.0054413
     212.3754940533704598      0.0035066
     213.0622799632654676      0.0054535
     213.7490658732603208      0.0042004
     214.4358517831886104      0.0060068
     215.1226376931502102      0.0050982
     215.8094236031450635      0.0064410
     216.4962095130400428      0.0039390
     217.1829954230016426      0.0074559
     217.8697813329632140      0.0082721
     218.5565672429247854      0.0075258
     219.2433531528530750      0.0073433
     219.9301390628146464      0.0072843
     220.6169249727762462      0.0091572
     221.3037108826712256      0.0082127
     221.9904967926993891      0.0095359
     222.6772827026276786      0.0091055
     223.3640686125892501      0.0118376
     224.0508545225508215      0.0086984
     224.7376404324458292      0.0137411
     225.4244263424406824      0.0107062
     226.1112122524022823      0.0121974
     226.7979981623305719      0.0128234
     227.4847840723254251      0.0173343
     228.1715699822204328      0.0153422
     228.8583558921820043      0.0158798
     229.5451418021768575      0.0164806
     230.2319277121051471      0.0149988
     230.9187136220667185      0.0184769
     231.6054995319950081      0.0198437
     232.2922854419566079      0.0191975
     232.9790713519181509      0.0219333
     233.6658572618797507      0.0222980
     234.3526431718080403      0.0239322
     235.0394290817363299      0.0217593
     235.7262149917311831      0.0252795
     236.4130009016927545      0.0229386
     237.0997868115877907      0.0248674
     237.7865727215826439      0.0276712
     238.4733586315109335      0.0305098
     239.1601445414724765      0.0299856
     239.8469304514673297      0.0338382
     240.5337163613623659      0.0329695
     241.2205022713239373      0.0332864
     241.9072881812855087      0.0375120
     242.5940740912470801      0.0367922
     243.2808600012419333      0.0369835
     243.9676459111369695      0.0401451
     244.6544318210985125      0.0412902
     245.3412177310601123      0.0469785
     246.0280036410216837      0.0453120
     246.7147895509499733      0.0478027
     247.4015754609115447      0.0507426
     248.0883613708731161      0.0520122
     248.7751472808014057      0.0527415
     249.4619331907962589      0.0530319
     250.1487191007245485      0.0544199
     250.8355050106528381      0.0590548
     251.5222909206476913      0.0610699
     252.2090768305760093      0.0625729
     252.8958627405042989      0.0628899
     253.5826486504991522      0.0655938
     254.2694345604274417      0.0682059
     254.9562204703890416      0.0702466
     255.6430063803173311      0.0752931
     256.3297922902788741      0.0795757
     257.0165782002404740      0.0782019
     257.7033641102020169      0.0812330
     258.3901500201636168      0.0857482
     259.0769359300585961      0.0881045
     259.7637218400534493      0.0894170
     260.4505077500150492      0.0917060
     261.1372936599766490      0.0959664
     261.8240795699381920      0.0993654
     262.5108654798332282      0.1033534
     263.1976513898280814      0.1052590
     263.8844372997896244      0.1066513
     264.5712232096846606      0.1099848
     265.2580091197128240      0.1157387
     265.9447950296078602      0.1201401
     266.6315809395694032      0.1237137
     267.3183668495642564      0.1287542
     268.0051527594592926      0.1286604
     268.6919386694208356      0.1374610
     269.3787245793823786      0.1388219
     270.0655104893439784      0.1437730
     270.7522963993055782      0.1469567
     271.4390823092338678      0.1543459
     272.1258682191954108      0.1590437
     272.8126541291570106      0.1606455
     273.4994400391185536      0.1650611
     274.1862259490801534      0.1716979
     274.8730118589751896      0.1776197
     275.5597977689700429      0.1796463
     276.2465836789315858      0.1860450
     276.9333695888266220      0.1897784
     277.6201554988547855      0.1985281
     278.3069414087497080      0.2016527
     278.9937273187113647      0.2102974
     279.6805132287062179      0.2139282
     280.3672991386011972      0.2192474
     281.0540850485961073      0.2274495
     281.7408709585243400      0.2317514
     282.4276568684858830      0.2403238
     283.1144427784807363      0.2463159
     283.8012286883757724      0.2531281
     284.4880145983373723      0.2610483
     285.1748005082989721      0.2680086
     285.8615864182605151      0.2758329
     286.5483723282221149      0.2833688
     287.2351582381504045      0.2918604
     287.9219441481119475      0.2975766
     288.6087300580402371      0.3095048
     289.2955159680350903      0.3160077
     289.9823018779634367      0.3210808
     290.6690877878916694      0.3303749
     291.3558736978865227      0.3409445
     292.0426596078148691      0.3456959
     292.7294455177431018      0.3565128
     293.4162314277379551      0.3660394
     294.1030173376663015      0.3740490
     294.7898032476278445      0.3854886
     295.4765891575894443      0.3951128
     296.1633750675177339      0.4045304
     296.8501609774792769      0.4164428
     297.5369468874408767      0.4283578
     298.2237327974024765      0.4360532
     298.9105187073307661      0.4501777
     299.5973046172923091      0.4579936
     300.2840905272539089      0.4711130
     300.9708764372155088      0.4836266
     301.6576623471770517      0.4947334
     302.3444482570720879      0.5066657
     303.0312341670669412      0.5200278
     303.7180200770284841      0.5313129
     304.4048059869568306      0.5445041
     305.0915918969516838      0.5550318
     305.7783778068466063      0.5699162
     306.4651637168082630      0.5854524
     307.1519496268031162      0.5985013
     307.8387355366980955      0.6135804
     308.5255214466596954      0.6245208
     309.2123073566212383      0.6406343
     309.8990932665828382      0.6578304
     310.5858791765443812      0.6736236
     311.2726650864726707      0.6890469
     311.9594509964342706      0.7053896
     312.6462369063625601      0.7227736
     313.3330228163574134      0.7384633
     314.0198087263190132      0.7569255
     314.7065946362140494      0.7715097
     315.3933805462089026      0.7893726
     316.0801664561371354      0.8087648
     316.7669523660654818      0.8262755
     317.4537382760935316      0.8484389
     318.1405241859885678      0.8645599
     318.8273100959834210      0.8857653
     319.5140960059117674      0.9056854
     320.2008819158400570      0.9256325
     320.8876678258681636      0.9484830
     321.5744537357631998      0.9687876
     322.2612396457247428      0.9908354
     322.9480255556863426      1.0133034
     323.6348114656146322      1.0377367
     324.3215973755762320      1.0569242
     325.0083832855377750      1.0820780
     325.6951691954993180      1.1037234
     326.3819551053943542      1.1329726
     327.0687410153892074      1.1540374
     327.7555269253507504      1.1790252
     328.4423128352790968      1.2061877
     329.1290987452739500      1.2309568
     329.8158846551689862      1.2603401
     330.5026705651305292      1.2879086
     331.1894564751253824      1.3144913
     331.8762423850536720      1.3427757
     332.5630282949819616      1.3698456
     333.2498142049435614      1.4023498
     333.9366001149051044      1.4294890
     334.6233860248667042      1.4613174
     335.3101719348283041      1.4933354
     335.9969578447565368      1.5256889
     336.6837437547181366      1.5580845
     337.3705296646797365      1.5898032
     338.0573155746412795      1.6255540
     338.7441014846028224      1.6615403
     339.4308873945311689      1.6990829
     340.1176733044927118      1.7360754
     340.8044592144543117      1.7729399
     341.4912451244159115      1.8061918
     342.1780310343108908      1.8398582
     342.8648169443057441      1.8769020
     343.5516028542673439      1.9149975
     344.2383887641956335      1.9564377
     344.9251746741904867      1.9961773
     345.6119605840854661      2.0366988
     346.2987464940470659      2.0785673
     346.9855324040419191      2.1205368
     347.6723183139702087      2.1638179
     348.3591042238984983      2.2046049
     349.0458901338600413      2.2488344
     349.7326760438216979      2.2952368
     350.4194619537832409      2.3410430
     351.1062478637114737      2.3854244
     351.7930337736731303      2.4322314
     352.4798196836013631      2.4794893
     353.1666055935962163      2.5296488
     353.8533915035578730      2.5839150
     354.5401774134861057      2.6324270
     355.2269633234477055      2.6857784
     355.9137492333759951      2.7437644
     356.6005351433708483      2.7941475
     357.2873210533323913      2.8450985
     357.9741069632274275      2.8988404
     358.6608928732222807      2.9532070
     359.3476787831505703      3.0099349
     360.0344646930788599      3.0684512
     360.7212506031070234      3.1258821
     361.4080365130020027      3.1850853
     362.0948224229636025      3.2452791
     362.7816083329252024      3.3099139
     363.4683942428534351      3.3721378
     364.1551801528150918      3.4367354
     364.8419660627766348      3.5046329
     365.5287519727381778      3.5705416
     366.2155378826332139      3.6372952
     366.9023237926280672      3.7069528
     367.5891097025896102      3.7784669
     368.2758956125178997      3.8482778
     368.9626815225128098      3.9209638
     369.6494674324077891      3.9972064
     370.3362533423693321      4.0683045
     371.0230392523642422      4.1437850
     371.7098251622925318      4.2246504
     372.3966110722207645      4.3037586
     373.0833969821824212      4.3811355
     373.7701828921439642      4.4613552
     374.4569688021388174      4.5434437
     375.1437547120671638      4.6261044
     375.8305406219953966      4.7114635
     376.5173265319569396      4.8015780
     377.2041124419185962      4.8845768
     377.8908983518801392      4.9769092
     378.5776842618416822      5.0664148
     379.2644701717700286      5.1564226
     379.9512560816982614      5.2540336
     380.6380419916931146      5.3489208
     381.3248279016547144      5.4448900
     382.0116138115497506      5.5421333
     382.6983997215446038      5.6428041
     383.3851856314728934      5.7427740
     384.0719715414344932      5.8469753
     384.7587574514293465      5.9533420
     385.4455433613243258      6.0575876
     386.1323292712859256      6.1650877
     386.8191151812474686      6.2770691
     387.5059010912090116      6.3835177
     388.1926870011373580      6.5005703
     388.8794729110989010      6.6136236
     389.5662588210605008      6.7286496
     390.2530447309554802      6.8502192
     390.9398306409836437      6.9715753
     391.6266165509119332      7.0923352
     392.3134024608735331      7.2157464
     393.0001883708350761      7.3452787
     393.6869742807301122      7.4706435
     394.3737601907582189      7.5995827
     395.0605461006865653      7.7317648
     395.7473320106147980      7.8681026
     396.4341179206096513      8.0016012
     397.1209038305046874      8.1412125
     397.8076897404662304      8.2815685
     398.4944756504610837      8.4259796
     399.1812615603894301      8.5679197
     399.8680474703509731      8.7150679
     400.5548333802793195      8.8645420
     401.2416192902408625      9.0163174
     401.9284052002024055      9.1718016
     402.6151911101640053      9.3247576
     403.3019770201256051      9.4836445
     403.9887629300205845      9.6447983
     404.6755488400154377      9.8048573
     405.3623347499770375      9.9726820
     406.0491206598720169     10.1381950
     406.7359065698668701     10.3122482
     407.4226924798284699     10.4832172
     408.1094783897567595     10.6580524
     408.7962642997516127     10.8385124
     409.4830502096466489     11.0183754
     410.1698361196081919     11.2016420
     410.8566220296030451     11.3888941
     411.5434079395313915     11.5780497
     412.2301938495262448     11.7670431
     412.9169797594212241     11.9597673
     413.6037656693828239     12.1571493
     414.2905515793776772     12.3582716
     414.9773374893059099     12.5610991
     415.6641233992342563     12.7671709
     416.3509093091957993     12.9764223
     417.0376952191573992     13.1871033
     417.7244811291189421     13.4038620
     418.4112670390805420     13.6215239
     419.0980529490088315     13.8426962
     419.7848388589371211     14.0659924
     420.4716247689319744     14.2941322
     421.1584106788935742     14.5290680
     421.8451965887886104     14.7611341
     422.5319824987834636     14.9967327
     423.2187684087116963     15.2389574
     423.9055543186732962     15.4831476
     424.5923402286682062     15.7328348
     425.2791261385631287     15.9827175
     425.9659120485247286     16.2377663
     426.6526979584863284     16.4956207
     427.3394838684478714     16.7571144
     428.0262697783761610     17.0234375
     428.7130556883377608     17.2958851
     429.3998415982993038     17.5684757
     430.0866275082609036     17.8484383
     430.7734134182224466     18.1285515
     431.4601993281507930     18.4139671
     432.1469852381123360     18.7009239
     432.8337711480738790     18.9943562
     433.5205570579689152     19.2938766
     434.2073429679970786     19.5933437
     434.8941288779253114     19.8990688
     435.5809147878536578     20.2101536
     436.2677006978485110     20.5245705
     436.9544866077435472     20.8435707
     437.6412725177050902     21.1674633
     438.3280584276999434     21.4964981
     439.0148443376282330     21.8250713
     439.7016302475898328     22.1650124
     440.3884161575181224     22.5044842
     441.0752020674796654     22.8496380
     441.7619879774412652     23.2008839
     442.4487738874028651     23.5598488
     443.1355597973644080     23.9162941
     443.8223457072594442     24.2803631
     444.5091316172542975     24.6492596
     445.1959175272158404     25.0251274
     445.8827034371108766     25.4058266
     446.5694893471390401     25.7905083
     447.2562752570340194     26.1810856
     447.9430611669956193     26.5785103
     448.6298470769904725     26.9809761
     449.3166329868854518     27.3851166
     450.0034188968803619     27.7955494
     450.6902048068085946     28.2137699
     451.3769907167701945     28.6379623
     452.0637766267650477     29.0667953
     452.7505625366600839     29.5016918
     453.4373484466216269     29.9385090
     454.1241343565832267     30.3886337
     454.8109202665447697     30.8760891
     455.4977061765063695     31.2973900
     456.1844920864346591     31.7611771
     456.8712779963962589     32.2318687
     457.5580639063244917     32.7066422
     458.2448498163193449     33.1883583
     458.9316357262476913     33.6773758
     459.6184216361759240     34.1717796
     460.3052075461707773     34.6729317
     460.9919934560991237     35.1825714
     461.6787793660274133     35.6967545
     462.3655652760222665     36.2174225
     463.0523511859505561     36.7474365
     463.7391370959120991     37.2825928
     464.4259230058736989     37.8222122
     465.1127089158019885     38.3709793
     465.7994948257635883     38.9303093
     466.4862807357251313     39.4920731
     467.1730666456867311     40.0643768
     467.8598525556150207     40.6395187
     468.5466384655765637     41.2268066
     469.2334243755381635     41.8182373
     469.9202102854997634     42.4197083
     470.6069961954613063     43.0264244
     471.2937821053896528     43.6464233
     471.9805680153511958     44.2682877
     472.6673539253127387     44.9005051
     473.3541398352410852     45.5377464
     474.0409257452359384     46.1869087
     474.7277116551641711     46.8415680
     475.4144975650925176     47.5064201
     476.1012834750873708     48.1813850
     476.7880693849823501     48.8635635
     477.4748552949439500     49.5521240
     478.1616412049388032     50.2493629
     478.8484271148670928     50.9584389
     479.5352130248286358     51.6748428
     480.2219989347569822     52.3989258
     480.9087848447185252     53.1326256
     481.5955707546800681     53.8766861
     482.2823566646417248     54.6300888
     482.9691425746032678     55.3909683
     483.6559284844983040     56.1635628
     484.3427143944931572     56.9468536
     485.0295003044547002     57.7369919
     485.7162862143829898     58.5386887
     486.4030721243778430     59.3503075
     487.0898580342728792     60.1688232
     487.7766439442677324     60.9999962
     488.4634298542292754     61.8408699
     489.1502157641243116     62.6916466
     489.8370016741524182     63.5550537
     490.5237875840474544     64.4280930
     491.2105734940090542     65.3079147
     491.8973594040039075     66.2050705
     492.5841453138989436     67.1059265
     493.2709312238604866     68.0238266
     493.9577171338220296     68.9526138
     494.6445030437835726     69.8883438
     495.3312889537452293     70.8378525
     496.0180748636734620     71.8004227
     496.7048607736350618     72.7747116
     497.3916466835633514     73.7561722
     498.0784325935582046     74.7526321
     498.7652185035198045     75.7612076
     499.4520044134147838     76.7843704
     500.1387903234096370     77.8154297
     500.8255762333379266     78.8627243
     501.5123621432662731     79.9195023
     502.1991480532943797     80.9912186
     502.8859339631893590     82.0735092
     503.5727198731509588     83.1687317
     504.2595057831125587     84.2785416
     504.9462916930407914     85.4015503
     505.6330776030356446     86.5373764
     506.3198635129639911     87.6858368
     507.0066494229255341     88.8506317
     507.6934353328871339     90.0273819
     508.3802212428154235     91.2175827
     509.0670071527769664     92.4202042
     509.7537930627385663     93.6402588
     510.4405789727001661     94.8726196
     511.1273648825951454     96.1195831
     511.8141507925899987     97.3807220
     512.5009367025515985     98.6606903
     513.1877226124798881     99.9543152
     513.8745085224746845    101.2578735
     514.5612944323697775    102.5822372
     515.2480803423312636    103.9195328
     515.9348662523261737    105.2732086
     516.6216521622544633    106.6418610
     517.3084380721827529    108.0279007
     517.9952239821443527    109.4289474
     518.6820098921059525    110.8466415
     519.3687958020675524    112.2799683
     520.0555817120290385    113.7298431
     520.7423676219573281    115.1977005
     521.4291535318856177    116.6823273
     522.1159394418805277    118.1851349
     522.8027253518421276    119.7005539
     523.4895112617371069    121.2373123
     524.1762971717319033    122.7928162
     524.8630830816601929    124.3626022
     525.5498689916551029    125.9498138
     526.2366549016167028    127.5594940
     526.9234408115116821    129.1854401
     527.6102267215065922    130.8282013
     528.2970126314348818    132.4926453
     528.9837985413963679    134.1748962
     529.6705844513912780    135.8765259
     530.3573703612863710    137.5961761
     531.0441562712478571    139.3353577
     531.7309421812094570    141.0947418
     532.4177280911377466    142.8738708
     533.1045140010992327    144.6728821
     533.7912999110608325    146.4914246
     534.4780858210225460    148.3332520
     535.1648717309175254    150.1937714
     535.8516576409123218    152.0740051
     536.5384435508739216    153.9776154
     537.2252294608022112    155.8984528
     537.9120153707970076    157.8453827
     538.5988012806921006    159.8126831
     539.2855871906537004    161.8023529
     539.9723731006484968    163.8123627
     540.6591590105767864    165.8476410
     541.3459449205050760    167.9015808
     542.0327308305331826    169.9790955
     542.7195167404282756    172.0829926
     543.4063026504231857    174.2102966
     544.0930885603513616    176.3587646
     544.7798744702796512    178.5261078
     545.4666603803078715    180.7252655
     546.1534462902027371    182.9425659
     546.8402322001643370    185.1904449
     547.5270181101260505    187.4594574
     548.2138040200543401    189.7530823
     548.9005899300158262    192.0720520
     549.5873758399774260    194.4182281
     550.2741617499389122    196.7853699
     550.9609476598340052    199.1826630
     551.6477335698289153    201.6042480
     552.3345194797905151    204.0525360
     553.0213053897186910    206.5295715
     553.7080912997136011    209.0283051
     554.3948772096085804    211.5583038
     555.0816631195700666    214.1152191
     555.7684490295649766    216.6996613
     556.4552349394933799    219.3105011
     557.1420208494216695    221.9516296
     557.8288067593831556    224.6206360
     558.5155926693447554    227.3166046
     559.2023785793063553    230.0435028
     559.8891644892678414    232.7995300
     560.5759503991962447    235.5803986
     561.2627363091245343    238.3981628
     561.9495222191193307    241.2458344
     562.6363081290809305    244.1188812
     563.3230940390425303    247.0246735
     564.0098799489707062    249.9635620
     564.6966658588991095    252.9293671
     565.3834517688940196    255.9301605
     566.0702376788555057    258.9601746
     566.7570235887504850    262.0253601
     567.4438094987453951    265.1213684
     568.1305954086736847    268.2498169
     568.8173813186352845    271.4141541
     569.5041672286301946    274.6066284
     570.1909531385251739    277.8361511
     570.8777390484866601    281.0990906
     571.5645249584482599    284.3963623
     572.2513108684098597    287.7273865
     572.9380967783381493    291.0927734
     573.6248826882997491    294.4952698
     574.3116685982613490    297.9334412
     574.9984545081563283    301.4058533
     575.6852404181511247    304.9177551
     576.3720263281127245    308.4617004
     577.0588122380411278    312.0425110
     577.7455981480359242    315.6625977
     578.4323840579309035    319.3227234
     579.1191699678925033    323.0216370
     579.8059558778872997    326.7524414
     580.4927417878155893    330.5284424
     581.1795276978103857    334.3381042
     581.8663136077054787    338.1860657
     582.5530995176670785    342.0789795
     583.2398854276619886    346.0099792
     583.9266713375901645    349.9837341
     584.6134572475184541    353.9935303
     585.3002431574800539    358.0483093
     585.9870290674416538    362.1413269
     586.6738149774032536    366.2785950
     587.3606008873648534    370.4563599
     588.0473867972931430    374.6798096
     588.7341727072213189    378.9430542
     589.4209586172162290    383.2519531
     590.1077445271777151    387.6048279
     590.7945304370728081    391.9998169
     591.4813163470677182    396.4409180
     592.1681022569960078    400.9254456
     592.8548881669574939    405.4599609
     593.5416740769524040    410.0336609
     594.2284599868474970    414.6578979
     594.9152458968089832    419.3273621
     595.6020318067705830    424.0451660
     596.2888177167321828    428.8121643
     596.9756036266604724    433.6230164
     597.6623895366219585    438.4854736
     598.3491754465835584    443.3927307
     599.0359613565119616    448.3532715
     599.7227472665067580    453.3587341
     600.4095331764350476    458.4211426
     601.0963190863966474    463.5274048
     601.7831049963581336    468.6919556
     602.4698909062864232    473.9005737
     603.1566768162814469    479.1614990
     603.8434627262096228    484.4781494
     604.5302486361379124    489.8495483
     605.2170345461328225    495.2680969
     605.9038204560943086    500.7431030
     606.5906063659892880    506.2732544
     607.2773922759843117    511.8575439
     607.9641781859126013    517.4946899
     608.6509640958740874    523.1898804
     609.3377500058689975    528.9434204
     610.0245359157639768    534.7503052
     610.7113218257254630    540.6154785
     611.3981077356871765    546.5371094
     612.0848936456487763    552.5191040
     612.7716795555769522    558.5556641
     613.4584654655385521    564.6533203
     614.1452513755001519    570.8112793
     614.8320372853951312    577.0280151
     615.5188231954232378    583.3060913
     616.2056091053516411    589.6457520
     616.8923950152799307    596.0457764
     617.5791809252747271    602.5094604
     618.2659668351697064    609.0357666
     618.9527527451978131    615.6246338
     619.6395386551261026    622.2770996
     620.3263245650545059    628.9920654
     621.0131104750493023    635.7780762
     621.6998963849442816    642.6257324
     622.3866822949058815    649.5354004
     623.0734682049007915    656.5172729
     623.7602541148289674    663.5628662
     624.4470400247906809    670.6771851
     625.1338259347189705    677.8604126
     625.8206118446804567    685.1137695
     626.5073977546420565    692.4342651
     627.1941836646036563    699.8258057
     627.8809695745651425    707.2873535
     628.5677554844602355    714.8212280
     629.2545413944551456    722.4260864
     629.9413273044166317    730.1024170
     630.6281132143116110    737.8561401
     631.3148991243065211    745.6766968
     632.0016850342348107    753.5773926
     632.6884709441964105    761.5464478
     633.3752568541913206    769.5963135
     634.0620427640862999    777.7211304
     634.7488286740477861    785.9201660
     635.4356145840093859    794.1998901
     636.1224004939709857    802.5552368
     636.8091864039324719    810.9887085
     637.4959723138608751    819.5028687
     638.1827582238224750    828.0974121
     638.8695441337839611    836.7715454
     639.5563300437455609    845.5307007
     640.2431159536738505    854.3665771
     640.9299018636354504    863.2893677
     641.6166877735970502    872.2890015
     642.3034736835253398    881.3809814
     642.9902595935202498    890.5507812
     643.6770455034484257    899.8103638
     644.3638314133767153    909.1532593
     645.0506173233716254    918.5865479
     645.7374032332999150    928.1024780
     646.4241891432282046    937.7096558
     647.1109750532231146    947.4025879
     647.7977609631514042    957.1874390
     648.4845468731128904    967.0616455
     649.1713327830411799    977.0296631
     649.8581186930028935    987.0894165
     650.5449046029643796    997.2405396
     651.2316905129259794   1007.4827881
     651.9184764228875792   1017.8188477
     652.6052623327824449   1028.2524414
     653.2920482427773550   1038.7791748
     653.9788341527389548   1049.4042969
     654.6656200626672444   1060.1275635
     655.3524059726621545   1070.9466553
     656.0391918825571338   1081.8643799
     656.7259777925519302   1092.8828125
     657.4127637025135300   1103.9981689
     658.0995496124086230   1115.2200928
     658.7863355224366160   1126.5406494
     659.4731214323317090   1137.9727783
     660.1599073422933088   1149.5028076
     660.8466932522881052   1161.1259766
     661.5334791621830846   1172.8601074
     662.2202650721446844   1184.7017822
     662.9070509821063979   1196.6522217
     663.5938368920678840   1208.7099609
     664.2806228020294839   1220.8718262
     664.9674087119577734   1233.1481934
     665.6541946219192596   1245.5319824
     666.3409805318475492   1258.0324707
     667.0277664418424592   1270.6389160
     667.7145523518040591   1283.3582764
     668.4013382616990384   1296.1920166
     669.0881241716939485   1309.1429443
     669.7749100816222381   1322.2076416
     670.4616959915504140   1335.3897705
     671.1484819015786343   1348.6872559
     671.8352678114737273   1362.1049805
     672.5220537214352134   1375.6413574
     673.2088396313968133   1389.2961426
     673.8956255413251029   1403.0721436
     674.5824114512865890   1416.9721680
     675.2691973612481888   1430.9937744
     675.9559832712099023   1445.1395264
     676.6427691812046987   1459.4095459
     677.3295550910996781   1473.8046875
     678.0163410010612779   1488.3272705
     678.7031269110227640   1502.9752197
     679.3899128209843639   1517.7563477
     680.0766987309459637   1532.6647949
     680.7634846408743670   1547.7042236
     681.4502705508358531   1562.8776855
     682.1370564607641427   1578.1766357
     682.8238423707590528   1593.6156006
     683.5106282806872287   1609.1887207
     684.1974141906156319   1624.8970947
     684.8842001006105420   1640.7403564
     685.5709860105387179   1656.7185059
     686.2577719204670075   1672.8457031
     686.9445578304619175   1689.1031494
     687.6313437403900934   1705.5052490
     688.3181296503516933   1722.0499268
     689.0049155603134068   1738.7380371
     689.6917014702416964   1755.5677490
     690.3784873802031825   1772.5427246
     691.0652732901647823   1789.6660156
     691.7520592001263822   1806.9334717
     692.4388451100213615   1824.3532715
     693.1256310200162716   1841.9201660
     693.8124169299778714   1859.6387939
     694.4992028399393575   1877.5078125
     695.1859887499009574   1895.5323486
     695.8727746597959367   1913.7092285
     696.5595605697907331   1932.0424805
     697.2463464797524466   1950.5329590
     697.9331323896807362   1969.1791992
     698.6199182996755326   1987.9840088
     699.3067042095705119   2006.9490967
     699.9934901195321117   2026.0781250
     700.6802760295269081   2045.3656006
     701.3670619394220012   2064.8154297
     702.0538478493836010   2084.4350586
     702.7406337593452008   2104.2148438
     703.4274196693066870   2124.1667480
     704.1142055792682868   2144.2822266
     704.8009914891965764   2164.5727539
     705.4877773991581762   2185.0288086
     706.1745633090864658   2205.6594238
     706.8613492190813758   2226.4638672
     707.5481351290428620   2247.4409180
     708.2349210389378413   2268.5959473
     708.9217069489327514   2289.9272461
     709.6084928588611547   2311.4399414
     710.2952787688226408   2333.1289062
     710.9820646788175509   2354.9973145
     711.6688505887125302   2377.0493164
     712.3556364986740164   2399.2854004
     713.0424224086356162   2421.7072754
     713.7292083185640195   2444.3117676
     714.4159942285920124   2467.1066895
     715.1027801384871054   2490.0915527
     715.7895660484487053   2513.2661133
     716.4763519584101914   2536.6320801
     717.1631378683384810   2560.1909180
     717.8499237783000808   2583.9431152
     718.5367096882616806   2607.8884277
     719.2234955982232805   2632.0361328
     719.9102815081182598   2656.3815918
     720.5970674181131699   2680.9272461
     721.2838533280746560   2705.6699219
     721.9706392380029456   2730.6176758
     722.6574251479977420   2755.7714844
     723.3442110578928350   2781.1298828
     724.0309969678544348   2806.6960449
     724.7177828778493449   2832.4682617
     725.4045687877775208   2858.4511719
     726.0913546977058104   2884.6499023
     726.7781406076675239   2911.0549316
     727.4649265176290100   2937.6806641
     728.1517124275906099   2964.5153809
     728.8384983375522097   2991.5705566
     729.5252842474804993   3018.8476562
     730.2120701574086752   3046.3442383
     730.8988560674035853   3074.0620117
     731.5856419773652988   3102.0019531
     732.2724278873267849   3130.1667480
     732.9592137972550745   3158.5607910
     733.6459997071833641   3187.1811523
     734.3327856171781605   3216.0322266
     735.0195715271397603   3245.1152344
     735.7063574370348533   3274.4306641
     736.3931433470296497   3303.9807129
     737.0799292569579393   3333.7668457
     737.7667151669195391   3363.7866211
     738.4535010769143355   3394.0512695
     739.1402869868093148   3424.5563965
     739.8270728967710284   3455.3022461
     740.5138588067658247   3486.2924805
     741.2006447166941143   3517.5319824
     741.8874306266224039   3549.0161133
     742.5742165365840037   3580.7495117
     743.2610024465454899   3612.7348633
     743.9477883565070897   3644.9726562
     744.6345742664688032   3677.4643555
     745.3213601763969791   3710.2111816
     746.0081460863252687   3743.2197266
     746.6949319963201788   3776.4855957
     747.3817179062816649   3810.0100098
     748.0685038161767579   3843.8002930
     748.7552897261716680   3877.8544922
     749.4420756360999576   3912.1779785
     750.1288615460614437   3946.7646484
     750.8156474560563538   3981.6284180
     751.5024333659513331   4016.7590332
     752.1892192759461295   4052.1628418
     752.8760051858745328   4087.8430176
     753.5627910958361326   4123.8022461
     754.2495770058309290   4160.0405273
     754.9363629157259084   4196.5561523
     755.6231488256875082   4233.3598633
     756.3099347356489943   4270.4428711
     756.9967206455773976   4307.8173828
     757.6835065555389974   4345.4780273
     758.3702924655004836   4383.4296875
     759.0570783754620834   4421.6728516
     759.7438642853570627   4460.2109375
     760.4306501953519728   4499.0434570
     761.1174361053134589   4538.1757812
     761.8042220152418622   4577.6069336
     762.4910079252366586   4617.3393555
     763.1777938351316379   4657.3789062
     763.8645797450932378   4697.7221680
     764.5513656550881478   4738.3730469
     765.2381515650163237   4779.3320312
     765.9249374749447270   4820.6025391
     766.6117233849063268   4862.1889648
     767.2985092948678130   4904.0908203
     767.9852952048294128   4946.3076172
     768.6720811147910126   4988.8481445
     769.3588670247193022   5031.7080078
     770.0456529346809020   5074.8925781
     770.7324388446425019   5118.4003906
     771.4192247546041017   5162.2412109
     772.1060106645655878   5206.4082031
     772.7927965744938774   5250.9086914
     773.4795824844221670   5295.7426758
     774.1663683944170771   5340.9121094
     774.8531543043786769   5386.4208984
     775.5399402142736562   5432.2734375
     776.2267261242684526   5478.4638672
     776.9135120341967422   5524.9975586
     777.6002979441583420   5571.8833008
     778.2870838541531384   5619.1147461
     778.9738697640482314   5666.6997070
     779.6606556740098313   5714.6362305
     780.3474415839714311   5762.9287109
     781.0342274939329172   5811.5810547
     781.7210134038612068   5860.5883789
     782.4077993138228067   5909.9599609
     783.0945852237844065   5959.7001953
     783.7813711336793858   6009.8037109
     784.4681570437076061   6060.2763672
     785.1549429536357820   6111.1201172
     785.8417288635640716   6162.3393555
     786.5285147735589817   6213.9296875
     787.2153006834540747   6265.9018555
     787.9020865934155609   6318.2548828
     788.5888725034104709   6370.9853516
     789.2756584133387605   6424.1079102
     789.9624443233335569   6477.6123047
     790.6492302332285362   6531.5092773
     791.3360161431902497   6585.7973633
     792.0228020531850461   6640.4765625
     792.7095879631133357   6695.5561523
     793.3963738730749355   6751.0332031
     794.0831597830031114   6806.9130859
     794.7699456929647113   6863.1972656
     795.4567316029264248   6919.8842773
     796.1435175128879109   6976.9814453
     796.8303034228495108   7034.4926758
     797.5170893327444901   7092.4145508
     798.2038752427392865   7150.7509766
     798.8906611527008863   7209.5063477
     799.5774470625959793   7268.6831055
     800.2642329725908894   7328.2846680
